4294967278,35
4294967278,34
4294967278,33
4294967278,32
4294967278,31
4294967278,30
4294967278,29
4294967278,28
4294967278,27
4294967278,26
4294967278,25
4294967278,24
4294967278,23
4294967278,22
4294967278,21
4294967278,20
4294967278,19
4294967278,18
4294967278,17
4294967278,16
4294967278,15
4294967278,14
4294967278,13
4294967278,12
4294967278,11
4294967278,10
4294967278,9
4294967278,8
4294967278,215
4294967278,217
4294967278,555
4294967278,212
4294967279,352
4294967278,210
4294967294,429
4294967278,208
4294967278,554
4294967279,351
4294967294,415
4294967278,553
4294967278,206
4294967278,552
4294967279,350
4294967279,349
4294967278,551
4294967278,204
4294967278,550
4294967279,348
4294967279,347
4294967279,346
4294967294,388
4294967278,549
4294967278,202
4294967278,548
4294967278,200
4294967294,115
4294967278,198
4294967278,547
4294967279,345
4294967294,918
4294967294,163
4294967294,965
4294967294,912
4294967294,922
4294967278,546
4294967278,196
4294967278,545
4294967279,344
4294967279,343
4294967294,469
4294967294,107
4294967278,544
4294967278,194
4294967278,543
4294967279,342
4294967278,193
4294967278,192
4294967278,191
4294967278,190
4294967278,542
4294967294,440
4294967294,392
4294967294,389
4294967294,114
4294967278,189
4294967294,387
4294967278,188
4294967278,541
4294967278,540
4294967278,187
4294967278,539
4294967294,905
4294967278,186
4294967278,538
4294967294,425
4294967278,185
4294967294,91
4294967294,90
4294967294,87
4294967294,85
4294967294,84
4294967294,955
4294967294,924
4294967294,45
4294967294,44
4294967294,40
4294967294,38
4294967294,37
4294967278,36
4294967279,24
4294967279,23
4294967279,21
4294967279,19
4294967279,15
4294967279,14
4294967279,13
4294967279,11
4294967279,341
4294967278,537
4294967279,340
4294967279,339
4294967278,536
4294967294,5
4294967294,76
4294967294,41
4294967294,43
4294967294,51
4294967294,52
4294967294,971
4294967294,82
4294967278,177
4294967278,535
4294967278,176
4294967278,534
4294967278,175
4294967279,338
4294967278,173
4294967278,172
4294967278,533
4294967278,171
4294967279,337
4294967278,170
4294967278,169
4294967278,168
4294967278,167
4294967278,532
4294967278,260
4294967278,166
4294967278,165
4294967278,164
4294967279,336
4294967279,335
4294967279,0
4294967278,161
4294967278,124
4294967278,123
4294967278,122
4294967278,121
4294967278,118
4294967278,116
4294967278,115
4294967278,114
4294967278,113
4294967278,112
4294967278,107
4294967278,105
4294967278,104
4294967278,103
4294967278,102
4294967278,100
4294967278,99
4294967278,98
4294967278,97
4294967278,96
4294967278,95
4294967278,94
4294967278,93
4294967278,92
4294967278,91
4294967278,90
4294967278,89
4294967278,87
4294967278,86
4294967278,85
4294967278,84
4294967278,83
4294967278,82
4294967278,81
4294967278,80
4294967278,79
4294967278,78
4294967278,77
4294967278,76
4294967278,75
4294967278,74
4294967278,73
4294967278,72
4294967278,71
4294967278,70
4294967278,69
4294967278,68
4294967278,67
4294967278,66
4294967278,65
4294967278,64
4294967278,63
4294967278,62
4294967278,61
4294967278,60
4294967278,59
4294967278,58
4294967278,57
4294967278,56
4294967278,55
4294967278,54
4294967278,53
4294967278,52
4294967278,51
4294967278,50
4294967278,49
4294967278,48
4294967278,46
4294967278,45
4294967278,43
4294967278,40
4294967278,38
4294967278,37
4294967279,17
4294967279,16
4294967279,12
4294967279,9
4294967279,7
4294967279,261
4294967279,6
4294967279,5
4294967279,281
4294967279,4
4294967278,160
4294967278,531
4294967278,47
4294967278,530
4294967278,44
4294967279,334
4294967278,529
4294967278,42
4294967278,153
4294967278,528
4294967278,41
4294967279,333
4294967278,152
4294967278,151
4294967278,527
4294967278,39
4294967279,332
23,5
23,4
23,2
23,1
4294967279,331
4294967279,330
4294967278,526
4294967279,329
4294967278,525
4294967294,120
4294967294,409
4294967294,419
4294967294,407
4294967294,953
4294967294,385
4294967294,406
4294967294,914
4294967294,952
4294967294,167
4294967294,403
4294967294,451
4294967294,468
4294967279,328
4294967278,524
22,6
22,5
22,4
22,2
22,1
4294967279,276
4294967279,22
4294967279,20
4294967294,919
4294967294,907
4294967294,1
4294967278,523
4294967279,327
4294967279,18
4294967279,286
4294967279,269
4294967279,285
4294967278,522
4294967294,22
4294967279,265
4294967279,326
4294967279,10
4294967294,89
4294967279,264
4294967279,263
4294967279,325
4294967279,8
4294967278,521
4294967279,262
4294967279,259
4294967278,520
4294967278,519
20,5
4294967279,258
20,4
4294967278,518
4294967278,132
20,2
20,1
4294967278,517
4294967278,131
4294967279,324
4294967278,516
4294967278,130
4294967279,323
4294967278,129
4294967278,256
4294967279,322
4294967278,515
4294967278,128
4294967279,321
4294967278,514
4294967278,127
4294967279,320
4294967279,319
4294967278,513
4294967278,126
4294967278,255
4294967278,512
4294967278,125
4294967278,254
4294967278,253
4294967278,252
4294967279,318
4294967278,111
4294967278,120
4294967278,249
4294967279,317
4294967278,119
4294967278,246
4294967278,247
